%%MatrixMarket matrix coordinate real general
10720 10720 53228
1 1 -0.075226
1 2 0.0180312
1 3 0.0108536
2 1 0.0180312
2 2 -0.0565369
2 4 0.0182165
2 5 0.00997068
3 1 0.0108536
3 3 -0.0714845
3 5 0.0161011
3 6 0.0126233
4 2 0.0182165
4 4 -0.0551829
4 7 0.0184222
4 8 0.00911396
5 2 0.00997068
5 3 0.0161011
5 5 -0.0538901
5 8 0.0162719
5 9 0.0115464
6 3 0.0126233
6 6 -0.070147
6 9 0.014431
6 10 0.0145042
7 4 0.0184222
7 7 -0.0540054
7 11 0.0186395
7 12 0.00833051
8 4 0.00911396
8 5 0.0162719
8 8 -0.0524142
8 12 0.0164635
8 13 0.0105649
9 5 0.0115464
9 6 0.014431
9 9 -0.0538472
9 13 0.0145926
9 14 0.0132771
10 6 0.0145042
10 10 -0.0695407
10 14 0.0129185
10 15 0.0165342
11 7 0.0186395
11 11 -0.0529822
11 16 0.0188662
11 17 0.00761086
12 7 0.00833051
12 8 0.0164635
12 12 -0.0511256
12 17 0.0166693
12 18 0.00966233
13 8 0.0105649
13 9 0.0145926
13 13 -0.0520847
13 18 0.0147723
13 19 0.012155
14 9 0.0132771
14 10 0.0129185
14 14 -0.0544097
14 19 0.013071
14 20 0.0151432
15 10 0.0165342
15 15 -0.0696536
15 20 0.0115476
15 21 0.0187104
16 11 0.0188662
16 16 -0.0521003
16 22 0.0190999
16 23 0.00695198
17 11 0.00761086
17 12 0.0166693
17 17 -0.0499983
17 23 0.0168867
17 24 0.00883146
18 12 0.00966233
18 13 0.0147723
18 18 -0.0505198
18 24 0.0149645
18 25 0.0111207
19 13 0.012155
19 14 0.013071
19 19 -0.0523371
19 25 0.0132394
19 26 0.0138718
20 14 0.0151432
20 15 0.0115476
20 20 -0.0555318
20 26 0.0116917
20 27 0.0171493
21 15 0.0187104
21 21 -0.0704591
21 27 0.0103101
21 28 0.0210344
22 16 0.0190999
22 22 -0.0513411
22 29 0.0193391
22 30 0.00634715
23 16 0.00695198
23 17 0.0168867
23 23 -0.0490255
23 30 0.0171139
23 31 0.00807297
24 17 0.00883146
24 18 0.0149645
24 24 -0.0491354
24 31 0.0151678
24 32 0.0101716
25 18 0.0111207
25 19 0.0132394
25 25 -0.0504794
25 32 0.0134195
25 33 0.0126998
26 19 0.0138718
26 20 0.0116917
26 26 -0.0531304
26 33 0.0118497
26 34 0.0157172
27 20 0.0171493
27 21 0.0103101
27 27 -0.0571991
27 34 0.0104458
27 35 0.019294
28 21 0.0210344
28 28 -0.0719104
28 35 0.00918926
28 36 0.0235075
29 22 0.0193391
29 29 -0.0506964
29 37 0.0195817
29 38 0.00579371
30 22 0.00634715
30 23 0.0171139
30 30 -0.0481857
30 38 0.0173492
30 39 0.0073754
31 23 0.00807297
31 24 0.0151678
31 31 -0.0479224
31 39 0.0153795
31 40 0.00930213
32 24 0.0101716
32 25 0.0134195
32 32 -0.048823
32 40 0.0136091
32 41 0.0116227
33 25 0.0126998
33 26 0.0118497
33 33 -0.0509667
33 41 0.0120181
33 42 0.0143991
34 26 0.0157172
34 27 0.0104458
34 34 -0.0544514
34 42 0.0105941
34 43 0.0176943
35 27 0.019294
35 28 0.00918926
35 35 -0.059377
35 43 0.00931702
35 44 0.0215768
36 28 0.0235075
36 36 -0.0739842
36 44 0.00817897
36 45 0.0261235
37 29 0.0195817
37 37 -0.0501522
37 46 0.0198271
37 47 0.00528713
38 29 0.00579371
38 30 0.0173492
38 38 -0.0474705
38 47 0.0175908
38 48 0.00673671
39 30 0.0073754
39 31 0.0153795
39 39 -0.0468575
39 48 0.0155987
39 49 0.00850388
40 31 0.00930213
40 32 0.0136091
40 40 -0.0473534
40 49 0.0138066
40 50 0.0106355
41 32 0.0116227
41 33 0.0120181
41 41 -0.0490234
41 50 0.0121951
41 51 0.0131875
42 33 0.0143991
42 34 0.0105941
42 42 -0.0519666
42 51 0.0107516
42 52 0.0162218
43 34 0.0176943
43 35 0.00931702
43 43 -0.0562716
43 52 0.00945603
43 53 0.0198042
44 35 0.0215768
44 36 0.00817897
44 44 -0.0620526
44 53 0.00829909
44 54 0.0239978
45 36 0.0261235
45 45 -0.0766364
45 54 0.00726695
45 55 0.0288814
46 37 0.0198271
46 46 -0.0496915
46 56 0.0200655
46 57 0.00482365
47 37 0.00528713
47 38 0.0175908
47 47 -0.0468657
47 57 0.0178367
47 58 0.00615111
48 38 0.00673671
48 39 0.0155987
48 48 -0.0459285
48 58 0.015823
48 59 0.00777016
49 39 0.00850388
49 40 0.0138066
49 49 -0.0460481
49 59 0.0140103
49 60 0.00972737
50 40 0.0106355
50 41 0.0121951
50 50 -0.0472844
50 60 0.0123793
50 61 0.0120745
51 41 0.0131875
51 42 0.0107516
51 51 -0.049724
51 61 0.0109168
51 62 0.014868
52 42 0.0162218
52 43 0.00945603
52 52 -0.0534508
52 62 0.00960323
52 63 0.0181698
53 43 0.0198042
53 44 0.00829909
53 53 -0.0585781
53 63 0.00842923
53 64 0.0220455
54 44 0.0239978
54 45 0.00726695
54 54 -0.0651992
54 64 0.00737976
54 65 0.0265548
55 45 0.0288814
55 55 -0.0798423
55 65 0.00644689
55 66 0.0317759
56 46 0.0200655
56 56 -0.0488216
56 67 0.0201576
56 68 0.004112
57 46 0.00482365
57 47 0.0178367
57 57 -0.0463487
57 68 0.0180732
57 69 0.00561514
58 47 0.00615111
58 48 0.015823
58 58 -0.0451242
58 69 0.0160513
58 70 0.00709887
59 48 0.00777016
59 49 0.0140103
59 59 -0.0448922
59 70 0.0142188
59 71 0.00889296
60 49 0.00972737
60 50 0.0123793
60 60 -0.0457227
60 71 0.0125685
60 72 0.0110476
61 50 0.0120745
61 51 0.0109168
61 61 -0.0476969
61 72 0.0110878
61 73 0.0136178
62 51 0.014868
62 52 0.00960323
62 62 -0.0508925
62 73 0.00975722
62 74 0.016664
63 52 0.0181698
63 53 0.00842923
63 63 -0.0554077
63 74 0.00856683
63 75 0.0202419
64 53 0.0220455
64 54 0.00737976
64 64 -0.0613406
64 75 0.00750134
64 76 0.024414
65 54 0.0265548
65 55 0.00644689
65 65 -0.0687974
65 76 0.00655249
65 77 0.0292432
66 55 0.0317759
66 66 -0.0835592
66 77 0.00570675
66 78 0.0348063
67 56 0.0201576
67 67 -0.0481915
67 79 0.0202142
67 80 0.00373985
68 56 0.004112
68 57 0.0180732
68 68 -0.0448879
68 80 0.0182104
68 81 0.00449236
69 57 0.00561514
69 58 0.0160513
69 69 -0.0444123
69 81 0.0162638
69 82 0.00648211
70 58 0.00709887
70 59 0.0142188
70 70 -0.0438762
70 82 0.0144304
70 83 0.0081281
71 59 0.00889296
71 60 0.0125685
71 71 -0.0443312
71 83 0.0127624
71 84 0.0101073
72 60 0.0110476
72 61 0.0110878
72 72 -0.0458728
72 84 0.0112648
72 85 0.0124726
73 61 0.0136178
73 62 0.00975722
73 73 -0.0485653
73 85 0.00991694
73 86 0.0152734
74 62 0.016664
74 63 0.00856683
74 74 -0.0525159
74 86 0.00871029
74 87 0.0185748
75 63 0.0202419
75 64 0.00750134
75 75 -0.0578051
75 87 0.00762938
75 88 0.0224325
76 64 0.024414
76 65 0.00655249
76 76 -0.0645412
76 88 0.00666595
76 89 0.0269087
77 65 0.0292432
77 66 0.00570675
77 77 -0.072813
77 89 0.00580541
77 90 0.0320576
78 66 0.0348063
78 78 -0.0877603
78 90 0.00504268
78 91 0.0379572
79 67 0.0202142
79 79 -0.0475951
79 92 0.0202682
79 93 0.00340203
80 67 0.00373985
80 68 0.0182104
80 80 -0.0443046
80 93 0.0182664
80 94 0.00408796
81 68 0.00449236
81 69 0.0162638
81 81 -0.0421086
81 94 0.0164461
81 95 0.00490623
82 69 0.00648211
82 70 0.0144304
82 82 -0.0429612
82 95 0.0146217
82 96 0.00742704
83 70 0.0081281
83 71 0.0127624
83 83 -0.043092
83 96 0.0129591
83 97 0.00924244
84 71 0.0101073
84 72 0.0112648
84 84 -0.0442316
84 97 0.0114449
84 98 0.0114146
85 72 0.0124726
85 73 0.00991694
85 85 -0.0464685
85 98 0.010081
85 99 0.013998
86 73 0.0152734
86 74 0.00871029
86 86 -0.0498807
86 99 0.00885881
86 100 0.0170383
87 74 0.0185748
87 75 0.00762938
87 87 -0.0545681
87 100 0.00776291
87 101 0.020601
88 75 0.0224325
88 76 0.00666595
88 88 -0.0606283
88 101 0.00678531
88 102 0.0247445
89 76 0.0269087
89 77 0.00580541
89 89 -0.0681509
89 102 0.00591101
89 103 0.0295257
90 77 0.0320576
90 78 0.00504268
90 90 -0.0772354
90 103 0.00513487
90 104 0.0350002
91 78 0.0379572
91 91 -0.0874074
91 104 0.00444988
91 105 0.0362207
92 79 0.0202682
92 92 -0.0470559
92 106 0.0203197
92 107 0.00309387
93 79 0.00340203
93 80 0.0182664
93 93 -0.0437098
93 107 0.0183207
93 108 0.00372064
94 80 0.00408796
94 81 0.0164461
94 94 -0.0415016
94 108 0.0165014
94 109 0.00446603
95 81 0.00490623
95 82 0.0146217
95 95 -0.0397263
95 109 0.0148433
95 110 0.00535502
96 82 0.00742704
96 83 0.0129591
96 96 -0.041967
96 110 0.0131311
96 111 0.0084499
97 83 0.00924244
97 84 0.0114449
97 97 -0.0427605
97 111 0.0116278
97 112 0.0104453
98 84 0.0114146
98 85 0.010081
98 98 -0.0445637
98 112 0.0102488
98 113 0.0128194
99 85 0.013998
99 86 0.00885881
99 99 -0.047494
99 113 0.00901131
99 114 0.0156259
100 86 0.0170383
100 87 0.00776291
100 100 -0.0516184
100 114 0.00790146
100 115 0.0189158
101 87 0.020601
101 88 0.00678531
101 101 -0.0570434
101 115 0.00690993
101 116 0.0227472
102 88 0.0247445
102 89 0.00591101
102 102 -0.0638561
102 116 0.00602216
102 117 0.0271784
103 89 0.0295257
103 90 0.00513487
103 103 -0.0721552
103 117 0.00523317
103 118 0.0322614
104 90 0.0350002
104 91 0.00444988
104 104 -0.0773613
104 118 0.00453531
104 119 0.0333759
105 91 0.0362207
105 105 -0.0891056
105 119 0.00603816
105 120 0.03492
106 92 0.0203197
106 106 -0.0465723
106 121 0.0203686
106 122 0.00281465
107 92 0.00309387
107 93 0.0183207
107 107 -0.0431705
107 122 0.0183721
107 123 0.0033838
108 93 0.00372064
108 94 0.0165014
108 108 -0.0408409
108 123 0.0165539
108 124 0.00406495
109 94 0.00446603
109 95 0.0148433
109 109 -0.0390835
109 124 0.014898
109 125 0.00487618
110 95 0.00535502
110 96 0.0131311
110 110 -0.037712
110 125 0.0133854
110 126 0.0058405
111 96 0.0084499
111 97 0.0116278
111 111 -0.0414158
111 126 0.0117845
111 127 0.0095536
112 97 0.0104453
112 98 0.0102488
112 112 -0.0428508
112 127 0.0104188
112 128 0.0117379
113 98 0.0128194
113 99 0.00901131
113 113 -0.0453196
113 128 0.00916734
113 129 0.0143216
114 99 0.0156259
114 100 0.00790146
114 114 -0.0489265
114 129 0.00804306
114 130 0.0173561
115 100 0.0189158
115 101 0.00690993
115 115 -0.0537641
115 130 0.00703839
115 131 0.0209
116 101 0.0227472
116 102 0.00602216
116 116 -0.0599118
116 131 0.00613773
116 132 0.0250048
117 102 0.0271784
117 103 0.00523317
117 117 -0.0674727
117 132 0.00533626
117 133 0.0297249
118 103 0.0322614
118 104 0.00453531
118 118 -0.0721783
118 133 0.00462655
118 134 0.030755
119 104 0.0333759
119 105 0.00603816
119 119 -0.0777065
119 134 0.00614045
119 135 0.0321519
120 105 0.03492
120 120 -0.088677
120 135 0.00562904
120 136 0.0370122
121 106 0.0203686
121 121 -0.0461326
121 137 0.0204155
121 138 0.00255874
122 106 0.00281465
122 107 0.0183721
122 122 -0.0426851
122 138 0.0184202
122 139 0.00307821
123 107 0.0033838
123 108 0.0165539
123 123 -0.0402431
123 139 0.0166054
123 140 0.00369999
124 108 0.00406495
124 109 0.014898
124 124 -0.0383533
124 140 0.0149506
124 141 0.00443977
125 109 0.00487618
125 110 0.0133854
125 125 -0.0370211
125 141 0.0134394
125 142 0.00532018
126 110 0.0058405
126 111 0.0117845
126 126 -0.0360546
126 142 0.0120646
126 143 0.00636508
127 111 0.0095536
127 112 0.0104188
127 127 -0.0412777
127 143 0.0105638
127 144 0.0107415
128 112 0.0117379
128 113 0.00916734
128 128 -0.0433504
128 144 0.00932497
128 145 0.0131202
129 113 0.0143216
129 114 0.00804306
129 129 -0.0464734
129 145 0.00818785
129 146 0.0159209
130 114 0.0173561
130 115 0.00703839
130 130 -0.0507579
130 146 0.00717039
130 147 0.019193
131 115 0.0209
131 116 0.00613773
131 131 -0.056286
131 147 0.00625678
131 148 0.0229915
132 116 0.0250048
132 117 0.00533626
132 132 -0.0631526
132 148 0.00544318
132 149 0.0273684
133 117 0.0297249
133 118 0.00462655
133 133 -0.0673921
133 149 0.00472198
133 150 0.0283186
134 118 0.030755
134 119 0.00614045
134 134 -0.0727412
134 150 0.0062494
134 151 0.0295963
135 119 0.0321519
135 120 0.00562904
135 135 -0.0776116
135 151 0.00572758
135 152 0.034103
136 120 0.0370122
136 136 -0.0917576
136 152 0.00524409
136 153 0.0391488
137 121 0.0204155
137 137 -0.0457379
137 154 0.02046
137 155 0.00232632
138 121 0.00255874
138 122 0.0184202
138 138 -0.0422456
138 155 0.0184668
138 156 0.00279987
139 122 0.00307821
139 123 0.0166054
139 139 -0.0397035
139 156 0.0166541
139 157 0.00336574
140 123 0.00369999
140 124 0.0149506
140 140 -0.0376939
140 157 0.0150009
140 158 0.0040424
141 124 0.00443977
141 125 0.0134394
141 141 -0.0362182
141 158 0.013492
141 159 0.00484708
142 125 0.00532018
142 126 0.0120646
142 142 -0.0353028
142 159 0.0121177
142 160 0.00580032
143 126 0.00636508
143 127 0.0105638
143 143 -0.0347232
143 160 0.0108631
143 161 0.00693111
144 127 0.0107415
144 128 0.00932497
144 144 -0.0415443
144 161 0.00946168
144 162 0.0120161
145 128 0.0131202
145 129 0.00818785
145 145 -0.0442371
145 162 0.0083343
145 163 0.0145948
146 129 0.0159209
146 130 0.00717039
146 146 -0.0480105
146 163 0.00730419
146 164 0.0176151
147 130 0.019193
147 131 0.00625678
147 147 -0.0529598
147 164 0.00637881
147 165 0.0211312
148 131 0.0229915
148 132 0.00544318
148 148 -0.0591818
148 165 0.005554
148 166 0.0251931
149 132 0.0273684
149 133 0.00472198
149 149 -0.0629741
149 166 0.00482112
149 167 0.0260626
150 133 0.0283186
150 134 0.0062494
150 150 -0.0681634
150 167 0.00636378
150 168 0.0272316
151 134 0.0295963
151 135 0.00572758
151 151 -0.0725626
151 168 0.00583254
151 169 0.0314062
152 135 0.034103
152 136 0.00524409
152 152 -0.0807751
152 169 0.00533882
152 170 0.0360892
153 136 0.0391488
153 153 -0.0949932
153 170 0.00488189
153 171 0.0413279
154 137 0.02046
154 154 -0.0453812
154 172 0.0205025
154 173 0.0021142
155 137 0.00232632
155 138 0.0184668
155 155 -0.0418505
155 173 0.0185113
155 174 0.00254616
156 138 0.00279987
156 139 0.0166541
156 156 -0.0392166
156 174 0.0167004
156 175 0.0030623
157 139 0.00336574
157 140 0.0150009
157 157 -0.037094
157 175 0.0150491
157 176 0.00367833
158 140 0.0040424
158 141 0.013492
158 158 -0.0354878
158 176 0.0135411
158 177 0.00441231
159 141 0.00484708
159 142 0.0121177
159 159 -0.0344202
159 177 0.0121689
159 178 0.0052865
160 142 0.00580032
160 143 0.0108631
160 160 -0.0338977
160 178 0.0109154
160 179 0.00631884
161 143 0.00693111
161 144 0.00946168
161 161 -0.0337073
161 179 0.00977428
161 180 0.00754017
162 144 0.0120161
162 145 0.0083343
162 162 -0.0421913
162 180 0.00846443
162 181 0.0133764
163 145 0.0145948
163 146 0.00730419
163 163 -0.0455047
163 181 0.00744053
163 182 0.0161653
164 146 0.0176151
164 147 0.00637881
164 164 -0.0499123
164 182 0.00650394
164 183 0.0194144
165 147 0.0211312
165 148 0.005554
165 165 -0.0555258
165 183 0.00566747
165 184 0.0231731
166 148 0.0251931
166 149 0.00482112
166 166 -0.058918
166 184 0.00492342
166 185 0.0239804
167 149 0.0260626
167 150 0.00636378
167 167 -0.0639531
167 185 0.00648275
167 186 0.025044
168 150 0.0272316
168 151 0.00583254
168 168 -0.067918
168 186 0.00594223
168 187 0.0289116
169 151 0.0314062
169 152 0.00533882
169 169 -0.0754409
169 187 0.00543976
169 188 0.0332562
170 152 0.0360892
170 153 0.00488189
170 170 -0.0840631
170 188 0.00497302
170 189 0.038119
171 153 0.0413279
171 171 -0.0983737
171 189 0.00454137
171 190 0.0435445
172 154 0.0205025
172 172 -0.0450627
172 191 0.0205424
172 192 0.00192235
173 154 0.0021142
173 155 0.0185113
173 173 -0.0414947
173 192 0.0185542
173 193 0.00231508
174 155 0.00254616
174 156 0.0167004
174 174 -0.0387766
174 193 0.0167446
174 194 0.00278549
175 156 0.0030623
175 157 0.0150491
175 175 -0.0365541
175 194 0.015095
175 195 0.00334768
176 157 0.00367833
176 158 0.0135411
176 176 -0.0348257
176 195 0.0135888
176 196 0.0040174
177 158 0.00441231
177 159 0.0121689
177 177 -0.0336137
177 196 0.0122183
177 197 0.00481416
178 159 0.0052865
178 160 0.0109154
178 178 -0.0329271
178 197 0.0109652
178 198 0.00575994
179 160 0.00631884
179 161 0.00977428
179 179 -0.0327963
179 198 0.00982567
179 199 0.0068775
180 161 0.00754017
180 162 0.00846443
180 180 -0.0329839
180 199 0.00878495
180 200 0.00819436
181 162 0.0133764
181 163 0.00744053
181 181 -0.0432094
181 200 0.00756669
181 201 0.0148257
182 163 0.0161653
182 164 0.00650394
182 182 -0.0471289
182 201 0.0066304
182 202 0.0178293
183 164 0.0194144
183 165 0.00566747
183 183 -0.0521705
183 202 0.00578267
183 203 0.0213059
184 165 0.0231731
184 166 0.00492342
184 184 -0.0551718
184 203 0.00502836
184 204 0.0220469
185 166 0.0239804
185 167 0.00648275
185 185 -0.0600872
185 204 0.00660486
185 205 0.0230192
186 167 0.025044
186 168 0.00594223
186 186 -0.0636468
186 205 0.00605614
186 206 0.0266045
187 168 0.0289116
187 169 0.00543976
187 187 -0.0705266
187 206 0.00554511
187 207 0.0306301
188 169 0.0332562
188 170 0.00497302
188 188 -0.0784439
188 207 0.00506973
188 208 0.035145
189 170 0.038119
189 171 0.00454137
189 189 -0.0874779
189 208 0.00462886
189 209 0.0401887
190 171 0.0435445
190 190 -0.101895
190 209 0.00422204
190 210 0.0458011
191 172 0.0205424
191 191 -0.0447741
191 211 0.0205809
191 212 0.00174704
192 172 0.00192235
192 173 0.0185542
192 192 -0.0411757
192 212 0.0185943
192 213 0.00210484
193 173 0.00231508
193 174 0.0167446
193 193 -0.0383797
193 213 0.0167867
193 214 0.00253338
194 174 0.00278549
194 175 0.015095
194 194 -0.0360649
194 214 0.0151387
194 215 0.00304567
195 175 0.00334768
195 176 0.0135888
195 195 -0.0342282
195 215 0.0136343
195 216 0.00365747
196 176 0.0040174
196 177 0.0122183
196 196 -0.0328859
196 216 0.0122654
196 217 0.00438486
197 177 0.00481416
197 178 0.0109652
197 197 -0.0320441
197 217 0.0110144
197 218 0.00525033
198 178 0.00575994
198 179 0.00982567
198 198 -0.0317328
198 218 0.00987535
198 219 0.00627179
199 179 0.0068775
199 180 0.00878495
199 199 -0.031978
199 219 0.00883597
199 220 0.00747963
200 180 0.00819436
200 181 0.00756669
200 200 -0.0325477
200 220 0.00789053
200 221 0.00889612
201 181 0.0148257
201 182 0.0066304
201 201 -0.0445716
201 221 0.00675347
201 222 0.0163621
202 182 0.0178293
202 183 0.00578267
202 202 -0.0490933
202 222 0.00589923
202 223 0.0195821
203 183 0.0213059
203 184 0.00502836
203 203 -0.0517299
203 223 0.00513513
203 224 0.0202604
204 184 0.0220469
204 185 0.00660486
204 204 -0.056528
204 224 0.0067299
204 225 0.0211463
205 185 0.0230192
205 186 0.00605614
205 205 -0.0597153
205 225 0.0061736
205 226 0.0244664
206 186 0.0266045
206 187 0.00554511
206 206 -0.0660053
206 226 0.00565431
206 227 0.0282014
207 187 0.0306301
207 188 0.00506973
207 207 -0.0732667
207 227 0.00517115
207 228 0.0323957
208 188 0.035145
208 189 0.00462886
208 208 -0.0815752
208 228 0.00472185
208 229 0.0370795
209 189 0.0401887
209 190 0.00422204
209 209 -0.0910102
209 229 0.00430596
209 230 0.0422935
210 190 0.0458011
210 210 -0.105546
210 230 0.00392223
210 231 0.0480895
211 191 0.0205809
211 211 -0.0445157
211 232 0.0206172
211 233 0.00158758
212 191 0.00174704
212 192 0.0185943
212 212 -0.0408872
212 233 0.0186326
212 234 0.00191333
213 192 0.00210484
213 193 0.0167867
213 213 -0.038022
213 234 0.0168267
213 235 0.00230373
214 193 0.00253338
214 194 0.0151387
214 214 -0.0356235
214 235 0.0151805
214 236 0.0027709
215 194 0.00304567
215 195 0.0136343
215 215 -0.033687
215 236 0.0136781
215 237 0.00332887
216 195 0.00365747
216 196 0.0122654
216 216 -0.0322271
216 237 0.0123106
216 238 0.00399372
217 196 0.00438486
217 197 0.0110144
217 217 -0.0312428
217 238 0.011061
217 239 0.00478263
218 197 0.00525033
218 198 0.00987535
218 218 -0.0307682
218 239 0.00992303
218 240 0.00571945
219 198 0.00627179
219 199 0.00883597
219 219 -0.0308154
219 240 0.00888482
219 241 0.00682281
220 199 0.00747963
220 200 0.00789053
220 220 -0.031432
220 241 0.00793919
220 242 0.00812262
221 200 0.00889612
221 201 0.00675347
221 221 -0.0323737
221 242 0.00707669
221 243 0.00964742
222 201 0.0163621
222 202 0.00589923
222 222 -0.0462688
222 243 0.00602062
222 244 0.0179869
223 202 0.0195821
223 203 0.00513513
223 223 -0.0485751
223 244 0.00524345
223 245 0.0186144
224 203 0.0202604
224 204 0.0067299
224 224 -0.0532678
224 245 0.00685744
224 246 0.01942
225 204 0.0211463
225 205 0.0061736
225 225 -0.0561004
225 246 0.00629373
225 247 0.0224867
226 205 0.0244664
226 206 0.00565431
226 226 -0.0618392
226 247 0.00576711
226 248 0.0259514
227 206 0.0282014
227 207 0.00517115
227 227 -0.0684879
227 248 0.00527607
227 249 0.0298393
228 207 0.0323957
228 208 0.00472185
228 228 -0.0761305
228 249 0.00481871
228 250 0.0341943
229 208 0.0370795
229 209 0.00430596
229 229 -0.0848284
229 250 0.00439492
229 251 0.039048
230 209 0.0422935
230 210 0.00392223
230 230 -0.0946557
230 251 0.0040028
230 252 0.0444372
231 210 0.0480895
231 231 -0.109316
231 252 0.00364106
231 253 0.0504085
232 211 0.0206172
232 232 -0.0442834
232 254 0.0206516
232 255 0.00144263
233 211 0.00158758
233 212 0.0186326
233 233 -0.0406282
233 255 0.0186689
233 256 0.0017391
234 212 0.00191333
234 213 0.0168267
234 234 -0.0376997
234 256 0.016865
234 257 0.00209466
235 213 0.00230373
235 214 0.0151805
235 235 -0.0352253
235 257 0.0152205
235 258 0.00252052
236 214 0.0027709
236 215 0.0136781
236 236 -0.033198
236 258 0.0137198
236 259 0.00302918
237 215 0.00332887
237 216 0.0123106
237 237 -0.0316286
237 259 0.0123536
237 260 0.00363559
238 216 0.00399372
238 217 0.011061
238 238 -0.0305173
238 260 0.0111053
238 261 0.00435735
239 217 0.00478263
239 218 0.00992303
239 239 -0.0298868
239 261 0.00996892
239 262 0.00521222
240 218 0.00571945
240 219 0.00888482
240 240 -0.0297583
240 262 0.00893105
240 263 0.00622298
241 219 0.00682281
241 220 0.00793919
241 241 -0.0301664
241 263 0.00798765
241 264 0.00741671
242 220 0.00812262
242 221 0.00707669
242 242 -0.0311377
242 264 0.00712481
242 265 0.0088136
243 221 0.00964742
243 222 0.00602062
243 243 -0.032457
243 265 0.00633988
243 266 0.010449
244 222 0.0179869
244 223 0.00524345
244 244 -0.0456824
244 266 0.00536318
244 267 0.0170889
245 223 0.0186144
245 224 0.00685744
245 245 -0.0502852
245 267 0.00698619
245 268 0.0178271
246 224 0.01942
246 225 0.00629373
246 246 -0.0527931
246 268 0.00641613
246 269 0.0206632
247 225 0.0224867
247 226 0.00576711
247 247 -0.0579991
247 269 0.00588238
247 270 0.0238629
248 226 0.0259514
248 227 0.00527607
248 248 -0.0640835
248 270 0.00538391
248 271 0.0274721
249 227 0.0298393
249 228 0.00481871
249 249 -0.0710923
249 271 0.00491921
249 272 0.0315151
250 228 0.0341943
250 229 0.00439492
250 250 -0.0791092
250 272 0.00448793
250 273 0.0360321
251 229 0.039048
251 230 0.0040028
251 251 -0.0881886
251 273 0.00408799
251 274 0.0410498
252 230 0.0444372
252 231 0.00364106
252 252 -0.098403
252 274 0.00371803
252 275 0.0466068
253 231 0.0504085
253 253 -0.113194
253 275 0.00337768
253 276 0.0527523
254 232 0.0206516
254 254 -0.0440746
254 277 0.0206841
254 278 0.00131074
255 232 0.00144263
255 233 0.0186689
255 255 -0.0403956
255 278 0.0187035
255 279 0.0015806
256 233 0.0017391
256 234 0.016865
256 256 -0.0374098
256 279 0.0169013
256 280 0.0019044
257 234 0.00209466
257 235 0.0152205
257 257 -0.034866
257 280 0.0152586
257 281 0.00229227
258 235 0.00252052
258 236 0.0137198
258 258 -0.0327558
258 281 0.0137594
258 282 0.00275605
259 236 0.00302918
259 237 0.0123536
259 259 -0.0310871
259 282 0.0123948
259 283 0.00330951
260 237 0.00363559
260 238 0.0111053
260 260 -0.0298571
260 283 0.011148
260 284 0.00396826
261 238 0.00435735
261 239 0.00996892
261 261 -0.0290892
261 284 0.0100127
261 285 0.00475027
262 239 0.00521222
262 240 0.00893105
262 262 -0.028796
262 285 0.00897647
262 286 0.00567621
263 240 0.00622298
263 241 0.00798765
263 263 -0.0290109
263 286 0.00803374
263 287 0.00676651
264 241 0.00741671
264 242 0.00712481
264 264 -0.029763
264 287 0.0071709
264 288 0.0080506
265 242 0.0088136
265 243 0.00633988
265 265 -0.0310924
265 288 0.00638684
265 289 0.00955212
266 243 0.010449
266 244 0.00536318
266 266 -0.0312243
266 289 0.00567569
266 290 0.00973643
267 244 0.0170889
267 245 0.00698619
267 267 -0.0475217
267 290 0.00709237
267 291 0.0163542
268 245 0.0178271
268 246 0.00641613
268 268 -0.0497582
268 291 0.0065396
268 292 0.0189753
269 246 0.0206632
269 247 0.00588238
269 269 -0.054485
269 292 0.00599971
269 293 0.0219397
270 247 0.0238629
270 248 0.00538391
270 270 -0.0600204
270 293 0.00549468
270 294 0.025279
271 248 0.0274721
271 249 0.00491921
271 271 -0.0664457
271 294 0.0050227
271 295 0.0290318
272 249 0.0315151
272 250 0.00448793
272 272 -0.0738123
272 295 0.00458411
272 296 0.0332252
273 250 0.0360321
273 251 0.00408799
273 273 -0.0821953
273 296 0.00417671
273 297 0.0378985
274 251 0.0410498
274 252 0.00371803
274 274 -0.0916481
274 297 0.0037994
274 298 0.0430809
275 252 0.0466068
275 253 0.00337768
275 275 -0.102242
275 298 0.00345136
275 299 0.0488059
276 253 0.0527523
276 276 -0.117167
276 299 0.00313098
276 300 0.0551162
277 254 0.0206841
277 277 -0.0438873
277 301 0.020715
277 302 0.00119087
278 254 0.00131074
278 255 0.0187035
278 278 -0.0401869
278 302 0.0187363
278 303 0.00143641
279 255 0.0015806
279 256 0.0169013
279 279 -0.0371489
279 303 0.0169359
279 304 0.00173113
280 256 0.0019044
280 257 0.0152586
280 280 -0.0345421
280 304 0.0152947
280 305 0.00208448
281 257 0.00229227
281 258 0.0137594
281 281 -0.0323561
281 305 0.0137972
281 306 0.00250722
282 258 0.00275605
282 259 0.0123948
282 282 -0.030597
282 306 0.0124342
282 307 0.003012
283 259 0.00330951
283 260 0.011148
283 283 -0.0292598
283 307 0.0111887
283 308 0.00361358
284 260 0.00396826
284 261 0.0100127
284 284 -0.028364
284 308 0.0100548
284 309 0.00432821
285 261 0.00475027
285 262 0.00897647
285 285 -0.027921
285 309 0.00901976
285 310 0.00517451
286 262 0.00567621
286 263 0.00803374
286 286 -0.0279619
286 310 0.00807765
286 311 0.00617431
287 263 0.00676651
287 264 0.0071709
287 287 -0.0285063
287 311 0.00721656
287 312 0.00735236
288 264 0.0080506
288 265 0.00638684
288 288 -0.0296026
288 312 0.00643299
288 313 0.00873221
289 265 0.00955212
289 266 0.00567569
289 289 -0.0298488
289 313 0.00572182
289 314 0.00889918
290 266 0.00973643
290 267 0.00709237
290 290 -0.0333824
290 314 0.0074794
290 315 0.0090742
291 267 0.0163542
291 268 0.0065396
291 291 -0.0469533
291 315 0.00664366
291 316 0.0174158
292 268 0.0189753
292 269 0.00599971
292 292 -0.0512508
292 316 0.00611845
292 317 0.0201573
293 269 0.0219397
293 270 0.00549468
293 293 -0.0562917
293 317 0.00560698
293 318 0.0232504
294 270 0.025279
294 271 0.0050227
294 294 -0.0621594
294 318 0.00512861
294 319 0.0267292
295 271 0.0290318
295 272 0.00458411
295 295 -0.0689235
295 319 0.00468298
295 320 0.0306247
296 272 0.0332252
296 273 0.00417671
296 296 -0.0766413
296 320 0.00426878
296 321 0.0349706
297 273 0.0378985
297 274 0.0037994
297 297 -0.0853842
297 321 0.00388446
297 322 0.0398018
298 274 0.0430809
298 275 0.00345136
298 298 -0.095203
298 322 0.00352915
298 323 0.0451416
299 275 0.0488059
299 276 0.00313098
299 299 -0.106169
299 323 0.00320133
299 324 0.0510306
300 276 0.0551162
300 300 -0.121227
300 324 0.00290013
300 325 0.0574997
301 277 0.020715
301 301 -0.0437193
301 326 0.0207442
301 327 0.00108175
302 277 0.00119087
302 278 0.0187363
302 302 -0.0399996
302 327 0.0187672
302 328 0.00130517
303 278 0.00143641
303 279 0.0169359
303 303 -0.0369143
303 328 0.0169685
303 329 0.00157346
304 279 0.00173113
304 280 0.0152947
304 304 -0.0342503
304 329 0.0153291
304 330 0.00189532
305 280 0.00208448
305 281 0.0137972
305 305 -0.0319957
305 330 0.0138334
305 331 0.00228062
306 281 0.00250722
306 282 0.0124342
306 306 -0.030154
306 331 0.0124717
306 332 0.00274088
307 282 0.003012
307 283 0.0111887
307 307 -0.0287183
307 332 0.0112278
307 333 0.00328984
308 283 0.00361358
308 284 0.0100548
308 308 -0.0277061
308 333 0.0100951
308 334 0.00394257
309 284 0.00432821
309 285 0.00901976
309 309 -0.027126
309 334 0.00906125
309 335 0.00471674
310 285 0.00517451
310 286 0.00807765
310 310 -0.0270044
310 335 0.00812023
310 336 0.005632
311 286 0.00617431
311 287 0.00721656
311 311 -0.0273607
311 336 0.00725978
311 337 0.00671006
312 287 0.00735236
312 288 0.00643299
312 312 -0.0282379
312 337 0.00647654
312 338 0.00797604
313 288 0.00873221
313 289 0.00572182
313 313 -0.0283481
313 338 0.0057656
313 339 0.00812852
314 289 0.00889918
314 290 0.0074794
314 314 -0.0321919
314 339 0.00752734
314 340 0.00828598
315 290 0.0090742
315 291 0.00664366
315 315 -0.0322534
315 340 0.00703589
315 341 0.00949964
316 291 0.0174158
316 292 0.00611845
316 316 -0.0482653
316 341 0.00622152
316 342 0.0185095
317 292 0.0201573
317 293 0.00560698
317 317 -0.0528564
317 342 0.00572042
317 343 0.0213717
318 293 0.0232504
318 294 0.00512861
318 318 -0.0582113
318 343 0.0052363
318 344 0.024596
319 294 0.0267292
319 295 0.00468298
319 319 -0.0644103
319 344 0.00478441
319 345 0.0282138
320 295 0.0306247
320 296 0.00426878
320 320 -0.0715123
320 345 0.00436373
320 346 0.0322551
321 296 0.0349706
321 297 0.00388446
321 321 -0.0795756
321 346 0.00397248
321 347 0.036748
322 297 0.0398018
322 298 0.00352915
322 322 -0.0886714
322 347 0.00361019
322 348 0.0417302
323 298 0.0451416
323 299 0.00320133
323 323 -0.0988459
323 348 0.00327559
323 349 0.0472273
324 299 0.0510306
324 300 0.00290013
324 324 -0.110173
324 349 0.00296722
324 350 0.053275
325 300 0.0574997
325 325 -0.125364
325 350 0.00268423
325 351 0.0598966
326 301 0.0207442
326 326 -0.0435687
326 352 0.0207717
326 353 0.000982584
327 301 0.00108175
327 302 0.0187672
327 327 -0.0398314
327 353 0.0187966
327 354 0.00118583
328 302 0.00130517
328 303 0.0169685
328 328 -0.0367034
328 354 0.0169996
328 355 0.00143002
329 303 0.00157346
329 304 0.0153291
329 329 -0.0339877
329 355 0.0153619
329 356 0.00172313
330 304 0.00189532
330 305 0.0138334
330 330 -0.0316705
330 356 0.0138677
330 357 0.00207408
331 305 0.00228062
331 306 0.0124717
331 331 -0.0297538
331 357 0.0125076
331 358 0.00249384
332 306 0.00274088
332 307 0.0112278
332 332 -0.0282285
332 358 0.0112651
332 359 0.00299475
333 307 0.00328984
333 308 0.0100951
333 333 -0.0271096
333 359 0.0101337
333 360 0.00359089
334 308 0.00394257
334 309 0.00906125
334 334 -0.026403
334 360 0.00910104
334 361 0.00429819
335 309 0.00471674
335 310 0.00812023
335 335 -0.0261338
335 361 0.008161
335 362 0.00513578
336 310 0.005632
336 311 0.00725978
336 336 -0.0263174
336 362 0.00730139
336 363 0.0061242
337 311 0.00671006
337 312 0.00647654
337 337 -0.0269911
337 363 0.00651913
337 364 0.0072854
338 312 0.00797604
338 313 0.0057656
338 338 -0.0269735
338 364 0.00580842
338 365 0.00742346
339 313 0.00812852
339 314 0.00752734
339 339 -0.0307977
339 365 0.00757511
339 366 0.00756676
340 314 0.00828598
340 315 0.00703589
340 340 -0.0310811
340 366 0.0070838
340 367 0.00867541
341 315 0.00949964
341 316 0.00622152
341 341 -0.0322722
341 367 0.0066153
341 368 0.00993578
342 316 0.0185095
342 317 0.00572042
342 342 -0.0496924
342 368 0.00582336
342 369 0.0196391
343 317 0.0213717
343 318 0.0052363
343 343 -0.0545759
343 369 0.00534539
343 370 0.0226225
344 318 0.024596
344 319 0.00478441
344 344 -0.0602427
344 370 0.00488748
344 371 0.0259748
345 319 0.0282138
345 320 0.00436373
345 345 -0.0667653
345 371 0.00446042
345 372 0.0297274
346 320 0.0322551
346 321 0.00397248
346 346 -0.0742028
346 372 0.0040629
346 373 0.0339123
347 321 0.036748
347 322 0.00361019
347 347 -0.082606
347 373 0.00369418
347 374 0.0385536
348 322 0.0417302
348 323 0.00327559
348 348 -0.0920467
348 374 0.00335308
348 375 0.0436878
349 323 0.0472273
349 324 0.00296722
349 349 -0.102566
349 375 0.00303798
349 376 0.049333
350 324 0.053275
350 325 0.00268423
350 350 -0.114236
350 376 0.00274797
350 377 0.0555287
351 325 0.0598966
351 351 -0.129571
351 377 0.00248271
351 378 0.0623063
352 326 0.0207717
352 352 -0.0434415
352 379 0.0208054
352 380 0.000892457
353 326 0.000982584
353 327 0.0187966
353 353 -0.0396808
353 380 0.0188243
353 381 0.0010773
354 327 0.00118583
354 328 0.0169996
354 354 -0.036514
354 381 0.0170291
354 382 0.0012995
355 328 0.00143002
355 329 0.0153619
355 355 -0.0337513
355 382 0.015393
355 383 0.0015663
356 329 0.00172313
356 330 0.0138677
356 356 -0.0313771
356 383 0.0139003
356 384 0.00188601
357 330 0.00207408
357 331 0.0125076
357 357 -0.029392
357 384 0.0125417
357 385 0.0022686
358 331 0.00249384
358 332 0.0112651
358 358 -0.027785
358 385 0.0113006
358 386 0.00272545
359 332 0.00299475
359 333 0.0101337
359 359 -0.0265687
359 386 0.0101706
359 387 0.00326968
360 333 0.00359089
360 334 0.00910104
360 360 -0.0257474
360 387 0.00913914
360 388 0.00391633
361 334 0.00429819
361 335 0.008161
361 361 -0.0253416
361 388 0.00820019
361 389 0.00468224
362 335 0.00513578
362 336 0.00730139
362 362 -0.0253664
362 389 0.00734155
362 390 0.00558768
363 336 0.0061242
363 337 0.00651913
363 363 -0.0258556
363 390 0.00655995
363 391 0.00665234
364 337 0.0072854
364 338 0.00580842
364 364 -0.0257223
364 391 0.00584978
364 392 0.00677867
365 338 0.00742346
365 339 0.00757511
365 365 -0.0295234
365 392 0.00762054
365 393 0.00690432
366 339 0.00756676
366 340 0.0070838
366 366 -0.0297032
366 393 0.00712968
366 394 0.00792296
367 340 0.00867541
367 341 0.0066153
367 367 -0.0310346
367 394 0.00666311
367 395 0.0090808
368 341 0.00993578
368 342 0.00582336
368 368 -0.0323681
368 395 0.00621878
368 396 0.0103901
369 342 0.0196391
369 343 0.00534539
369 369 -0.0512291
369 396 0.0054475
369 397 0.0207971
370 343 0.0226225
370 344 0.00488748
370 370 -0.0564064
370 397 0.00499179
370 398 0.0239047
371 344 0.0259748
371 345 0.00446042
371 371 -0.0623827
371 398 0.00455928
371 399 0.0273882
372 345 0.0297274
372 346 0.0040629
372 372 -0.0692235
372 399 0.00415587
372 400 0.0312774
373 346 0.0339123
373 347 0.00369418
373 373 -0.0769878
373 400 0.00378068
373 401 0.0356006
374 347 0.0385536
374 348 0.00335308
374 374 -0.0857234
374 401 0.00343314
374 402 0.0403836
375 348 0.0436878
375 349 0.00303798
375 375 -0.0955032
375 402 0.00311173
375 403 0.0456657
376 349 0.049333
376 350 0.00274797
376 376 -0.106355
376 403 0.00281533
376 404 0.051459
377 350 0.0555287
377 351 0.00248271
377 377 -0.118352
377 404 0.00254345
377 405 0.057797
378 351 0.0623063
378 378 -0.133826
378 405 0.00229414
378 406 0.0647129
379 352 0.0208054
379 379 -0.0403328
379 407 0.017833
379 408 0.000811135
380 352 0.000892457
380 353 0.0188243
380 380 -0.0395527
380 408 0.0188573
380 409 0.000978629
381 353 0.0010773
381 354 0.0170291
381 381 -0.0363442
381 409 0.017057
381 410 0.00118082
382 354 0.0012995
382 355 0.015393
382 382 -0.0335387
382 410 0.0154225
382 411 0.00142363
383 355 0.0015663
383 356 0.0139003
383 383 -0.0311127
383 411 0.0139313
383 412 0.00171482
384 356 0.00188601
384 357 0.0125417
384 384 -0.0290655
384 412 0.0125743
384 413 0.00206342
385 357 0.0022686
385 358 0.0113006
385 385 -0.0273839
385 413 0.0113346
385 414 0.00248011
386 358 0.00272545
386 359 0.0101706
386 386 -0.0260786
386 414 0.0102059
386 415 0.00297673
387 359 0.00326968
387 360 0.00913914
387 387 -0.0251518
387 415 0.00917564
387 416 0.00356731
388 360 0.00391633
388 361 0.00820019
388 388 -0.0246223
388 416 0.00823775
388 417 0.00426802
389 361 0.00468224
389 362 0.00734155
389 389 -0.0245003
389 417 0.00738008
389 418 0.00509647
390 362 0.00558768
390 363 0.00655995
390 390 -0.0248196
390 418 0.00659925
390 419 0.00607274
391 363 0.00665234
391 364 0.00584978
391 391 -0.0245791
391 419 0.00588964
391 420 0.00618734
392 364 0.00677867
392 365 0.00762054
392 392 -0.0283639
392 420 0.00766412
392 421 0.00630062
393 365 0.00690432
393 366 0.00712968
393 393 -0.028443
393 421 0.00717481
393 422 0.00723422
394 366 0.00792296
394 367 0.00666311
394 394 -0.029589
394 422 0.00670906
394 423 0.00829387
395 367 0.0090808
395 368 0.00621878
395 395 -0.0310616
395 423 0.00626465
395 424 0.00949736
396 368 0.0103901
396 369 0.0054475
396 396 -0.0325407
396 424 0.00584213
396 425 0.0108609
397 369 0.0207971
397 370 0.00499179
397 397 -0.0528705
397 425 0.00509438
397 426 0.0219872
398 370 0.0239047
398 371 0.00455928
398 398 -0.058343
398 426 0.00465936
398 427 0.0252196
399 371 0.0273882
399 372 0.00415587
399 399 -0.0646243
399 427 0.00425018
399 428 0.02883
400 372 0.0312774
400 373 0.00378068
400 400 -0.0717773
400 428 0.00386891
400 429 0.0328503
401 373 0.0356006
401 374 0.00343314
401 401 -0.0798624
401 429 0.00351549
401 430 0.0373131
402 374 0.0403836
402 375 0.00311173
402 402 -0.0889217
402 430 0.00318812
402 431 0.0422383
403 375 0.0456657
403 376 0.00281533
403 403 -0.0990303
403 431 0.00288558
403 432 0.0476638
404 376 0.051459
404 377 0.00254345
404 404 -0.110206
404 432 0.00260741
404 433 0.053596
405 377 0.057797
405 378 0.00229414
405 405 -0.122523
405 433 0.0023519
405 434 0.0600796
406 378 0.0647129
406 406 -0.138124
406 434 0.0021186
406 435 0.0671261
407 379 0.017833
407 407 -0.0442567
407 436 0.00320714
407 437 0.019383
408 379 0.000811135
408 380 0.0188573
408 408 -0.0368111
408 436 0.0162531
408 438 0.00088956
409 380 0.000978629
409 381 0.017057
409 409 -0.0361977
409 438 0.0170893
409 439 0.0010728
410 381 0.00118082
410 382 0.0154225
410 410 -0.0333475
410 439 0.0154504
410 440 0.00129379
411 382 0.00142363
411 383 0.0139313
411 411 -0.0308747
411 440 0.0139608
411 441 0.00155895
412 383 0.00171482
412 384 0.0125743
412 412 -0.0287709
412 441 0.0126053
412 442 0.00187658
413 384 0.00206342
413 385 0.0113346
413 413 -0.0270213
413 442 0.0113669
413 443 0.00225643
414 385 0.00248011
414 386 0.0102059
414 414 -0.0256351
414 443 0.0102395
414 444 0.00270964
415 386 0.00297673
415 387 0.00917564
415 415 -0.0246118
415 444 0.00921055
415 445 0.00324887
416 387 0.00356731
416 388 0.00823775
416 416 -0.0239681
416 445 0.00827378
416 446 0.00388926
417 388 0.00426802
417 389 0.00738008
417 417 -0.0237127
417 446 0.007417
417 447 0.00464755
418 389 0.00509647
418 390 0.00659925
418 418 -0.0238745
418 447 0.00663707
418 448 0.00554166
419 390 0.00607274
419 391 0.00588964
419 419 -0.0235368
419 448 0.00592804
419 449 0.00564641
420 391 0.00618734
420 392 0.00766412
420 420 -0.0273055
420 449 0.00770618
420 450 0.00574784
421 392 0.00630062
421 393 0.00717481
421 421 -0.0272961
421 450 0.00721796
421 451 0.00660273
422 393 0.00723422
422 394 0.00670906
422 422 -0.0282713
422 451 0.00675309
422 452 0.00757492
423 394 0.00829387
423 395 0.00626465
423 423 -0.0295484
423 452 0.00631001
423 453 0.00867983
424 395 0.00949736
424 396 0.00584213
424 424 -0.0311588
424 453 0.0058879
424 454 0.00993145
425 396 0.0108609
425 397 0.00509438
425 425 -0.0327903
425 454 0.00548669
425 455 0.0113484
426 397 0.0219872
426 398 0.00465936
426 426 -0.054614
426 455 0.00476213
426 456 0.0232052
427 398 0.0252196
427 399 0.00425018
427 427 -0.0603766
427 456 0.00434556
427 457 0.0265612
428 399 0.02883
428 400 0.00386891
428 428 -0.0669631
428 457 0.00395943
428 458 0.0303048
429 400 0.0328503
429 401 0.00351549
429 429 -0.0744209
429 458 0.00360003
429 459 0.034455
430 401 0.0373131
430 402 0.00318812
430 430 -0.0828186
430 459 0.00326664
430 460 0.0390507
431 402 0.0422383
431 403 0.00288558
431 431 -0.0921963
431 460 0.00295834
431 461 0.0441141
432 403 0.0476638
432 404 0.00260741
432 432 -0.102619
432 461 0.00267403
432 462 0.0496739
433 404 0.053596
433 405 0.0023519
433 433 -0.114103
433 462 0.00241268
433 463 0.0557429
434 405 0.0600796
434 406 0.0021186
434 434 -0.126726
434 463 0.00217324
434 464 0.0623549
435 406 0.0671261
435 435 -0.142453
435 464 0.00195473
435 465 0.0695296
436 407 0.00320714
436 408 0.0162531
436 436 -0.0401412
436 466 0.00327213
436 467 0.0174088
437 407 0.019383
437 437 -0.0494496
437 467 0.00498614
437 468 0.0191965
438 408 0.00088956
438 409 0.0170893
438 438 -0.0337458
438 466 0.0147916
438 469 0.000975284
439 409 0.0010728
439 410 0.0154504
439 439 -0.0331809
439 469 0.015482
439 470 0.00117571
440 410 0.00129379
440 411 0.0139608
440 440 -0.0306605
440 470 0.0139888
440 471 0.00141707
441 411 0.00155895
441 412 0.0126053
441 441 -0.0285053
441 471 0.0126347
441 472 0.00170642
442 412 0.00187658
442 413 0.0113669
442 442 -0.0266939
442 472 0.0113978
442 473 0.00205267
443 413 0.00225643
443 414 0.0102395
443 443 -0.0252339
443 473 0.0102718
443 474 0.00246612
444 414 0.00270964
444 415 0.00921055
444 444 -0.0241225
444 474 0.00924392
444 475 0.00295839
445 415 0.00324887
445 416 0.00827378
445 445 -0.0233744
445 475 0.00830828
445 476 0.00354344
446 416 0.00388926
446 417 0.007417
446 446 -0.0229961
446 476 0.00745256
446 477 0.00423727
447 417 0.00464755
447 418 0.00663707
447 447 -0.023014
447 477 0.00667341
447 478 0.00505597
448 418 0.00554166
448 419 0.00592804
448 448 -0.0225858
448 478 0.00596504
448 479 0.00515103
449 419 0.00564641
449 420 0.00770618
449 449 -0.026341
449 479 0.00774648
449 480 0.00524195
450 420 0.00574784
450 421 0.00721796
450 450 -0.0262502
450 480 0.00725941
450 481 0.00602498
451 421 0.00660273
451 422 0.00675309
451 451 -0.0270678
451 481 0.0067957
451 482 0.00691631
452 422 0.00757492
452 423 0.00631001
452 452 -0.0281684
452 482 0.00635371
452 483 0.00792977
453 423 0.00867983
453 424 0.0058879
453 453 -0.0295808
453 483 0.0059326
453 484 0.00908045
454 424 0.00993145
454 425 0.00548669
454 454 -0.0313338
454 484 0.00553226
454 485 0.0103834
455 425 0.0113484
